0 80 84 47 71 67 26 44 77 27
80  0 91 69 81 44  5 69 83 28
84 91  0  1 68 94 83 14 63  9
47 69  1  0 88 89 75 51 79 67
71 81 68 88  0 69 72 22 74 95
67 44 94 89 69  0 68 65 74  8
26  5 83 75 72 68  0 20 81 95
44 69 14 51 22 65 20  0 80 19
77 83 63 79 74 74 81 80  0 99
27 28  9 67 95  8 95 19 99  0
